At time 1729350406.256580280
- Translation: [0.000, 0.000, 0.000]
- Rotation: in Quaternion [0.000, 0.000, -0.713, 0.701]
- Rotation: in RPY (radian) [0.000, 0.000, -1.587]
- Rotation: in RPY (degree) [0.000, 0.000, -90.925]
- Matrix:
 -0.016  1.000  0.000  0.000
 -1.000 -0.016 -0.000  0.000
 -0.000  0.000  1.000  0.000
  0.000  0.000  0.000  1.000
At time 1729350407.264505581
- Translation: [0.000, 0.000, 0.000]
- Rotation: in Quaternion [0.000, 0.000, -0.713, 0.701]
- Rotation: in RPY (radian) [0.000, 0.000, -1.587]
- Rotation: in RPY (degree) [0.000, 0.000, -90.925]
- Matrix:
 -0.016  1.000  0.000  0.000
 -1.000 -0.016 -0.000  0.000
 -0.000  0.000  1.000  0.000
  0.000  0.000  0.000  1.000
At time 1729350408.256708485
- Translation: [0.000, 0.000, 0.000]
- Rotation: in Quaternion [0.000, 0.000, -0.713, 0.701]
- Rotation: in RPY (radian) [0.000, 0.000, -1.587]
- Rotation: in RPY (degree) [0.000, 0.000, -90.925]
- Matrix:
 -0.016  1.000  0.000  0.000
 -1.000 -0.016 -0.000  0.000
 -0.000  0.000  1.000  0.000
  0.000  0.000  0.000  1.000
At time 1729350409.265460178
- Translation: [0.000, 0.000, 0.000]
- Rotation: in Quaternion [0.000, 0.000, -0.713, 0.701]
- Rotation: in RPY (radian) [0.000, 0.000, -1.587]
- Rotation: in RPY (degree) [0.000, 0.000, -90.925]
- Matrix:
 -0.016  1.000  0.000  0.000
 -1.000 -0.016 -0.000  0.000
 -0.000  0.000  1.000  0.000
  0.000  0.000  0.000  1.000
At time 1729350410.257033250
- Translation: [0.000, 0.000, 0.000]
- Rotation: in Quaternion [0.000, 0.000, -0.713, 0.701]
- Rotation: in RPY (radian) [0.000, 0.000, -1.587]
- Rotation: in RPY (degree) [0.000, 0.000, -90.925]
- Matrix:
 -0.016  1.000  0.000  0.000
 -1.000 -0.016 -0.000  0.000
 -0.000  0.000  1.000  0.000
  0.000  0.000  0.000  1.000
At time 1729350411.264876134
- Translation: [0.000, 0.000, 0.000]
- Rotation: in Quaternion [0.000, 0.000, -0.713, 0.701]
- Rotation: in RPY (radian) [0.000, 0.000, -1.587]
- Rotation: in RPY (degree) [0.000, 0.000, -90.925]
- Matrix:
 -0.016  1.000  0.000  0.000
 -1.000 -0.016 -0.000  0.000
 -0.000  0.000  1.000  0.000
  0.000  0.000  0.000  1.000
At time 1729350412.257072895
- Translation: [0.000, 0.000, 0.000]
- Rotation: in Quaternion [0.000, 0.000, -0.713, 0.701]
- Rotation: in RPY (radian) [0.000, 0.000, -1.587]
- Rotation: in RPY (degree) [0.000, 0.000, -90.925]
- Matrix:
 -0.016  1.000  0.000  0.000
 -1.000 -0.016 -0.000  0.000
 -0.000  0.000  1.000  0.000
  0.000  0.000  0.000  1.000
At time 1729350413.265725486
- Translation: [0.000, 0.000, 0.000]
- Rotation: in Quaternion [0.000, 0.000, -0.806, 0.592]
- Rotation: in RPY (radian) [0.000, 0.000, -1.875]
- Rotation: in RPY (degree) [0.000, 0.000, -107.423]
- Matrix:
 -0.299  0.954  0.000  0.000
 -0.954 -0.299 -0.000  0.000
 -0.000  0.000  1.000  0.000
  0.000  0.000  0.000  1.000
At time 1729350414.256652412
- Translation: [0.000, 0.000, 0.000]
- Rotation: in Quaternion [0.000, 0.000, 0.936, 0.351]
- Rotation: in RPY (radian) [0.000, -0.000, 2.424]
- Rotation: in RPY (degree) [0.000, -0.000, 138.899]
- Matrix:
 -0.754 -0.657  0.000  0.000
  0.657 -0.754  0.000  0.000
  0.000  0.000  1.000  0.000
  0.000  0.000  0.000  1.000
At time 1729350415.263973836
- Translation: [0.247, 0.196, 0.000]
- Rotation: in Quaternion [0.000, 0.000, 0.323, 0.946]
- Rotation: in RPY (radian) [0.000, -0.000, 0.658]
- Rotation: in RPY (degree) [0.000, -0.000, 37.725]
- Matrix:
  0.791 -0.612  0.000  0.247
  0.612  0.791  0.000  0.196
  0.000  0.000  1.000  0.000
  0.000  0.000  0.000  1.000
At time 1729350416.256540171
- Translation: [2.163, 0.006, 0.000]
- Rotation: in Quaternion [0.000, 0.000, -0.004, 1.000]
- Rotation: in RPY (radian) [0.000, 0.000, -0.007]
- Rotation: in RPY (degree) [0.000, 0.000, -0.409]
- Matrix:
  1.000  0.007  0.000  2.163
 -0.007  1.000 -0.000  0.006
 -0.000  0.000  1.000  0.000
  0.000  0.000  0.000  1.000
At time 1729350417.264950941
- Translation: [3.095, -0.058, 0.000]
- Rotation: in Quaternion [0.000, 0.000, -0.010, 1.000]
- Rotation: in RPY (radian) [0.000, 0.000, -0.020]
- Rotation: in RPY (degree) [0.000, 0.000, -1.164]
- Matrix:
  1.000  0.020  0.000  3.095
 -0.020  1.000 -0.000 -0.058
 -0.000  0.000  1.000  0.000
  0.000  0.000  0.000  1.000
At time 1729350418.257628762
- Translation: [2.588, -0.016, 0.000]
- Rotation: in Quaternion [0.000, 0.000, 0.461, 0.887]
- Rotation: in RPY (radian) [0.000, -0.000, 0.958]
- Rotation: in RPY (degree) [0.000, -0.000, 54.902]
- Matrix:
  0.575 -0.818  0.000  2.588
  0.818  0.575  0.000 -0.016
  0.000  0.000  1.000  0.000
  0.000  0.000  0.000  1.000
At time 1729350419.264513333
- Translation: [1.283, -0.003, 0.000]
- Rotation: in Quaternion [0.000, 0.000, 0.944, 0.330]
- Rotation: in RPY (radian) [0.000, -0.000, 2.469]
- Rotation: in RPY (degree) [0.000, -0.000, 141.439]
- Matrix:
 -0.782 -0.623  0.000  1.283
  0.623 -0.782  0.000 -0.003
  0.000  0.000  1.000  0.000
  0.000  0.000  0.000  1.000
At time 1729350420.256344743
- Translation: [0.641, -0.001, 0.000]
- Rotation: in Quaternion [0.000, 0.000, 0.901, -0.434]
- Rotation: in RPY (radian) [0.000, -0.000, -2.244]
- Rotation: in RPY (degree) [0.000, -0.000, -128.565]
- Matrix:
 -0.623  0.782  0.000  0.641
 -0.782 -0.623  0.000 -0.001
  0.000  0.000  1.000  0.000
  0.000  0.000  0.000  1.000
At time 1729350421.264970592
- Translation: [0.316, -0.000, 0.000]
- Rotation: in Quaternion [0.000, 0.000, -0.846, 0.532]
- Rotation: in RPY (radian) [0.000, 0.000, -2.019]
- Rotation: in RPY (degree) [0.000, 0.000, -115.653]
- Matrix:
 -0.433  0.901  0.000  0.316
 -0.901 -0.433 -0.000 -0.000
 -0.000  0.000  1.000  0.000
  0.000  0.000  0.000  1.000
At time 1729350422.257012259
- Translation: [0.642, -0.340, 0.000]
- Rotation: in Quaternion [0.000, 0.000, -0.298, 0.955]
- Rotation: in RPY (radian) [0.000, 0.000, -0.605]
- Rotation: in RPY (degree) [0.000, 0.000, -34.661]
- Matrix:
  0.823  0.569  0.000  0.642
 -0.569  0.823 -0.000 -0.340
 -0.000  0.000  1.000  0.000
  0.000  0.000  0.000  1.000
At time 1729350423.264175401
- Translation: [1.047, -0.891, 0.000]
- Rotation: in Quaternion [0.000, 0.000, -0.499, 0.866]
- Rotation: in RPY (radian) [0.000, 0.000, -1.046]
- Rotation: in RPY (degree) [0.000, 0.000, -59.907]
- Matrix:
  0.501  0.865  0.000  1.047
 -0.865  0.501 -0.000 -0.891
 -0.000  0.000  1.000  0.000
  0.000  0.000  0.000  1.000
At time 1729350424.256267743
- Translation: [1.861, -0.700, 0.000]
- Rotation: in Quaternion [0.000, 0.000, -0.560, 0.829]
- Rotation: in RPY (radian) [0.000, 0.000, -1.188]
- Rotation: in RPY (degree) [0.000, 0.000, -68.070]
- Matrix:
  0.373  0.928  0.000  1.861
 -0.928  0.373 -0.000 -0.700
 -0.000  0.000  1.000  0.000
  0.000  0.000  0.000  1.000
At time 1729350425.265072667
- Translation: [1.322, -1.494, 0.000]
- Rotation: in Quaternion [0.000, 0.000, -0.618, 0.786]
- Rotation: in RPY (radian) [0.000, 0.000, -1.332]
- Rotation: in RPY (degree) [0.000, 0.000, -76.323]
- Matrix:
  0.236  0.972  0.000  1.322
 -0.972  0.236 -0.000 -1.494
 -0.000  0.000  1.000  0.000
  0.000  0.000  0.000  1.000
At time 1729350426.257065112
- Translation: [1.646, -0.714, 0.000]
- Rotation: in Quaternion [0.000, 0.000, -0.261, 0.965]
- Rotation: in RPY (radian) [0.000, 0.000, -0.528]
- Rotation: in RPY (degree) [0.000, 0.000, -30.268]
- Matrix:
  0.864  0.504  0.000  1.646
 -0.504  0.864 -0.000 -0.714
 -0.000  0.000  1.000  0.000
  0.000  0.000  0.000  1.000
At time 1729350427.263775292
- Translation: [0.916, -0.166, 0.000]
- Rotation: in Quaternion [0.000, 0.000, -0.055, 0.998]
- Rotation: in RPY (radian) [0.000, 0.000, -0.111]
- Rotation: in RPY (degree) [0.000, 0.000, -6.342]
- Matrix:
  0.994  0.110  0.000  0.916
 -0.110  0.994 -0.000 -0.166
 -0.000  0.000  1.000  0.000
  0.000  0.000  0.000  1.000
At time 1729350428.256634527
- Translation: [0.468, -0.041, 0.000]
- Rotation: in Quaternion [0.000, 0.000, 0.034, 0.999]
- Rotation: in RPY (radian) [0.000, -0.000, 0.069]
- Rotation: in RPY (degree) [0.000, -0.000, 3.945]
- Matrix:
  0.998 -0.069  0.000  0.468
  0.069  0.998  0.000 -0.041
  0.000  0.000  1.000  0.000
  0.000  0.000  0.000  1.000
At time 1729350429.264705642
- Translation: [0.232, -0.010, 0.000]
- Rotation: in Quaternion [0.000, 0.000, 0.079, 0.997]
- Rotation: in RPY (radian) [0.000, -0.000, 0.157]
- Rotation: in RPY (degree) [0.000, -0.000, 9.024]
- Matrix:
  0.988 -0.157  0.000  0.232
  0.157  0.988  0.000 -0.010
  0.000  0.000  1.000  0.000
  0.000  0.000  0.000  1.000
At time 1729350430.257330952
- Translation: [0.116, -0.002, 0.000]
- Rotation: in Quaternion [0.000, 0.000, 0.100, 0.995]
- Rotation: in RPY (radian) [0.000, -0.000, 0.199]
- Rotation: in RPY (degree) [0.000, -0.000, 11.427]
- Matrix:
  0.980 -0.198  0.000  0.116
  0.198  0.980  0.000 -0.002
  0.000  0.000  1.000  0.000
  0.000  0.000  0.000  1.000
At time 1729350431.265491356
- Translation: [0.057, -0.001, 0.000]
- Rotation: in Quaternion [0.000, 0.000, 0.110, 0.994]
- Rotation: in RPY (radian) [0.000, -0.000, 0.220]
- Rotation: in RPY (degree) [0.000, -0.000, 12.625]
- Matrix:
  0.976 -0.219  0.000  0.057
  0.219  0.976  0.000 -0.001
  0.000  0.000  1.000  0.000
  0.000  0.000  0.000  1.000
At time 1729350432.256505327
- Translation: [0.029, -0.000, 0.000]
- Rotation: in Quaternion [0.000, 0.000, 0.115, 0.993]
- Rotation: in RPY (radian) [0.000, -0.000, 0.230]
- Rotation: in RPY (degree) [0.000, -0.000, 13.195]
- Matrix:
  0.974 -0.228  0.000  0.029
  0.228  0.974  0.000 -0.000
  0.000  0.000  1.000  0.000
  0.000  0.000  0.000  1.000
At time 1729350433.264023922
- Translation: [0.014, -0.000, 0.000]
- Rotation: in Quaternion [0.000, 0.000, 0.117, 0.993]
- Rotation: in RPY (radian) [0.000, -0.000, 0.235]
- Rotation: in RPY (degree) [0.000, -0.000, 13.479]
- Matrix:
  0.972 -0.233  0.000  0.014
  0.233  0.972  0.000 -0.000
  0.000  0.000  1.000  0.000
  0.000  0.000  0.000  1.000
At time 1729350434.256508291
- Translation: [0.007, -0.000, 0.000]
- Rotation: in Quaternion [0.000, 0.000, 0.119, 0.993]
- Rotation: in RPY (radian) [0.000, -0.000, 0.238]
- Rotation: in RPY (degree) [0.000, -0.000, 13.615]
- Matrix:
  0.972 -0.235  0.000  0.007
  0.235  0.972  0.000 -0.000
  0.000  0.000  1.000  0.000
  0.000  0.000  0.000  1.000
At time 1729350435.265160784
- Translation: [0.003, -0.000, 0.000]
- Rotation: in Quaternion [0.000, 0.000, 0.119, 0.993]
- Rotation: in RPY (radian) [0.000, -0.000, 0.239]
- Rotation: in RPY (degree) [0.000, -0.000, 13.686]
- Matrix:
  0.972 -0.237  0.000  0.003
  0.237  0.972  0.000 -0.000
  0.000  0.000  1.000  0.000
  0.000  0.000  0.000  1.000
At time 1729350436.256905577
- Translation: [0.002, -0.000, 0.000]
- Rotation: in Quaternion [0.000, 0.000, 0.119, 0.993]
- Rotation: in RPY (radian) [0.000, -0.000, 0.239]
- Rotation: in RPY (degree) [0.000, -0.000, 13.718]
- Matrix:
  0.971 -0.237  0.000  0.002
  0.237  0.971  0.000 -0.000
  0.000  0.000  1.000  0.000
  0.000  0.000  0.000  1.000
At time 1729350437.264962289
- Translation: [0.001, -0.000, 0.000]
- Rotation: in Quaternion [0.000, 0.000, 0.120, 0.993]
- Rotation: in RPY (radian) [0.000, -0.000, 0.240]
- Rotation: in RPY (degree) [0.000, -0.000, 13.729]
- Matrix:
  0.971 -0.237  0.000  0.001
  0.237  0.971  0.000 -0.000
  0.000  0.000  1.000  0.000
  0.000  0.000  0.000  1.000
At time 1729350438.257043939
- Translation: [0.000, 0.000, 0.000]
- Rotation: in Quaternion [0.000, 0.000, 0.120, 0.993]
- Rotation: in RPY (radian) [0.000, -0.000, 0.240]
- Rotation: in RPY (degree) [0.000, -0.000, 13.751]
- Matrix:
  0.971 -0.238  0.000  0.000
  0.238  0.971  0.000  0.000
  0.000  0.000  1.000  0.000
  0.000  0.000  0.000  1.000
At time 1729350439.264552860
- Translation: [0.000, -0.000, 0.000]
- Rotation: in Quaternion [0.000, 0.000, 0.119, 0.993]
- Rotation: in RPY (radian) [0.000, -0.000, 0.239]
- Rotation: in RPY (degree) [0.000, -0.000, 13.693]
- Matrix:
  0.972 -0.237  0.000  0.000
  0.237  0.972  0.000 -0.000
  0.000  0.000  1.000  0.000
  0.000  0.000  0.000  1.000
At time 1729350440.256853565
- Translation: [0.000, 0.000, 0.000]
- Rotation: in Quaternion [0.000, 0.000, 0.120, 0.993]
- Rotation: in RPY (radian) [0.000, -0.000, 0.240]
- Rotation: in RPY (degree) [0.000, -0.000, 13.757]
- Matrix:
  0.971 -0.238  0.000  0.000
  0.238  0.971  0.000  0.000
  0.000  0.000  1.000  0.000
  0.000  0.000  0.000  1.000
